from_stop_id,to_stop_id,transfer_type,min_transfer_time
4967,4251,,
7642,1342,,
11874,12132,,
11882,12076,,
7508,7512,,
3450,3590,,
10474,12396,,
2067,7682,,
11981,11995,,
11994,11982,,
11730,11698,,
12005,11543,,
11707,11722,,
13524,164,,
7524,7683,,
7522,6965,,
1003,11128,,
13593,13592,,
11561,11560,,
1412,1196,,
723,6110,,
5207,4987,,
13408,12015,,
13528,13525,,
11858,11861,,
6553,3109,,
7504,7516,,
1329,2670,,
11803,11786,,
23,168,,
164,7503,,
4929,4981,,
3170,5634,,
5982,1539,,
12012,12021,,
6837,4247,,
502,3213,,
8444,809,,
12177,2662,,
7508,519,,
7647,12002,,
11484,11490,,
7682,125,,
3213,502,,
5584,10880,,
11000,6461,,
11995,10532,,
12301,2494,,
1261,5196,,
11585,11592,,
10571,4650,,
7512,66,,
11704,11724,,
9281,739,,
11475,11499,,
11530,11534,,
10380,10777,,
7503,13523,,
156,31,,
7473,7470,,
7510,8422,,
67,516,,
4617,7596,,
11946,11970,,
11472,3369,,
7517,7503,,
11695,11733,,
1287,2047,,
13528,7517,,
10420,10419,,
5634,3086,,
5666,1221,,
6465,298,,
12078,11880,,
7587,8658,,
11521,11543,,
3095,3096,,
11959,11957,,
7597,7585,,
10550,998,,
7503,164,,
12461,11984,,
11787,11910,,
6226,5168,,
10587,10566,,
3526,3507,,
6110,723,,
7677,531,,
13524,13526,,
4134,3078,,
12018,13408,,
11972,11944,,
8978,3717,,
7200,806,,
4229,4967,,
11717,11897,,
11837,2175,,
11870,11781,,
11909,11788,,
4981,4929,,
298,6465,,
11767,11760,,
11816,11839,,
59,3904,,
4017,495,,
515,286,,
660,10474,,
739,9281,,
7643,3215,,
141,4086,,
11756,11821,,
4819,7519,,
11950,11966,,
4857,5046,,
13653,11735,,
11534,11530,,
7673,5049,,
516,67,,
4687,4426,,
4524,4587,,
11473,11471,,
11984,11993,,
10622,1766,,
12395,12394,,
4168,5034,,
5998,5059,,
2620,36,,
7512,504,,
7507,8444,,
168,10751,,
3757,1590,,
814,3366,,
5196,1261,,
13408,12018,,
11754,11770,,
11543,11521,,
11988,11989,,
11598,11579,,
7642,12036,,
10474,660,,
11488,11486,,
12036,125,,
10419,6058,,
12743,12742,,
12025,12008,,
298,6425,,
12460,3158,,
12016,12017,,
12410,12409,,
11497,11477,,
2506,7504,,
11726,11702,,
11711,11718,,
4591,7599,,
7681,3215,,
4932,4979,,
10777,10380,,
1539,1658,,
285,516,,
7507,7540,,
10685,1221,,
11762,11765,,
2708,12222,,
502,3036,,
13525,13524,,
8978,3929,,
1209,1398,,
2671,1280,,
7510,8408,,
11735,13653,,
13524,7503,,
7517,13523,,
1221,5666,,
3096,3095,,
12002,11980,,
7678,7646,,
11941,11975,,
11600,11621,,
11992,11985,,
1873,126,,
7642,10568,,
514,12571,,
36,2620,,
5260,5163,,
521,520,,
809,1013,,
3210,6759,,
558,470,,
6233,5168,,
3029,3220,,
4327,4144,,
7517,164,,
2067,7642,,
10568,64,,
4295,4177,,
4643,10579,,
11807,11845,,
12396,10474,,
11862,11857,,
13603,13598,,
5364,4936,,
6099,7282,,
2072,3034,,
7637,4920,,
11734,11694,,
10899,10579,,
4992,4917,,
2069,125,,
11980,7677,,
4652,4470,,
7682,12036,,
5049,4854,,
4828,1393,,
2506,7516,,
7599,10539,,
5227,5206,,
11480,11494,,
3633,2643,,
3497,3544,,
11526,11538,,
7513,809,,
3243,4686,,
1443,11278,,
516,285,,
4382,4737,,
4411,3704,,
8996,5611,,
11866,11853,,
11618,11600,,
7679,4902,,
7687,4920,,
5584,5585,,
10921,11693,,
4308,5034,,
3020,138,,
11756,11646,,
4118,4350,,
1545,5988,,
453,5968,,
7630,7694,,
7641,13664,,
6978,7094,,
11796,11634,,
6851,6849,,
10536,10542,,
3590,3450,,
11621,11618,,
4426,4687,,
7503,13529,,
504,1341,,
2633,533,,
7516,1365,,
4177,4295,,
7651,5661,,
7540,8444,,
11493,11501,,
1919,2022,,
4926,5224,,
11699,11729,,
7513,7507,,
2039,2708,,
7513,7198,,
2641,12711,,
70,1267,,
11853,11866,,
9001,6450,,
3170,10237,,
11725,11703,,
11648,11636,,
948,880,,
12131,11875,,
11602,11575,,
4950,4251,,
4062,1589,,
11967,11949,,
6354,13612,,
12007,12026,,
2175,11837,,
2961,3971,,
1014,1870,,
3096,3158,,
11511,2174,,
4144,4327,,
7641,7524,,
11543,12005,,
9281,1074,,
5585,10879,,
12020,12013,,
3595,5955,,
7648,2629,,
11954,11962,,
66,7508,,
11963,11953,,
7529,12006,,
4902,5003,,
3162,5948,,
125,2069,,
11821,11756,,
10534,7511,,
809,8444,,
827,4029,,
11555,11567,,
11593,11584,,
7507,7643,,
1793,1770,,
11980,12002,,
4591,10539,,
555,4148,,
2514,6484,,
4086,141,,
11788,11909,,
529,4065,,
1013,8444,,
8700,583,,
519,286,,
5248,251,,
11973,11943,,
3482,10774,,
4028,973,,
4332,3618,,
1237,2623,,
11960,11956,,
11844,11779,,
809,7540,,
11947,11969,,
4967,4229,,
519,7508,,
1332,4034,,
1342,7524,,
1645,5605,,
11618,11621,,
12711,2488,,
3130,3122,,
579,6169,,
11969,11947,,
11522,11542,,
12006,7529,,
7513,2936,,
12222,2425,,
533,2633,,
11476,11498,,
11531,11533,,
13653,11693,,
11985,11992,,
11833,12135,,
11994,5502,,
10419,4825,,
3146,3107,,
3904,59,,
1645,5654,,
4034,1332,,
5894,5650,,
467,564,,
7886,8581,,
11564,11765,,
11982,5502,,
13596,13602,,
168,23,,
3998,141,,
531,7677,,
11977,12005,,
10420,6106,,
11897,11717,,
11535,11529,,
5232,7514,,
6484,2514,,
7515,1244,,
1214,4828,,
3728,6422,,
7509,10534,,
3179,4134,,
6320,4492,,
13525,7517,,
10579,4643,,
11900,11818,,
7524,7641,,
929,909,,
11485,11489,,
4686,3243,,
998,10550,,
141,3998,,
13594,13591,,
6894,6870,,
5654,1645,,
7585,7597,,
6235,7272,,
82,6818,,
7651,10665,,
12002,531,,
11708,11721,,
12002,7647,,
7682,1342,,
7060,4382,,
12013,12020,,
5650,5894,,
11595,11582,,
126,1873,,
5351,4935,,
11498,11476,,
11883,12075,,
4930,4980,,
13525,13528,,
7508,285,,
3728,9004,,
11982,11994,,
13664,7524,,
4471,4650,,
11995,11981,,
5206,5227,,
11565,11557,,
7040,3356,,
2039,2425,,
7509,7511,,
12712,7192,,
1322,12220,,
81,113,,
7503,27,,
11712,11717,,
11839,11816,,
1322,2047,,
12026,12007,,
7682,10568,,
4923,4986,,
515,516,,
11544,11520,,
11489,11485,,
7506,5232,,
7504,1365,,
1382,5666,,
5168,6226,,
6165,5908,,
5908,6165,,
7512,516,,
11989,11988,,
3034,3215,,
816,12712,,
2623,1237,,
8444,1013,,
4655,10548,,
7886,718,,
973,4028,,
11422,7520,,
11995,10544,,
10906,7522,,
514,3211,,
7599,4591,,
10566,10587,,
8422,7510,,
3444,3595,,
739,9279,,
12075,11883,,
6235,5248,,
36,2509,,
7683,7529,,
4920,9001,,
5003,4902,,
3213,3036,,
3235,3011,,
7517,13529,,
1944,10474,,
7272,6235,,
2674,1891,,
8659,4790,,
8565,10559,,
12036,2069,,
11868,11851,,
7517,27,,
11731,11697,,
10577,4652,,
7642,504,,
2506,1365,,
11910,11787,,
1265,7683,,
7657,1750,,
11721,11708,,
12313,3554,,
11564,11762,,
11619,11585,,
1341,504,,
7505,7515,,
520,3038,,
1658,1539,,
5666,1382,,
755,13526,,
4470,10577,,
4899,12557,,
5585,5584,,
7681,7507,,
11696,11732,,
4350,4118,,
10685,1382,,
11128,1003,,
4470,4652,,
11712,11897,,
6818,112,,
7982,1149,,
3107,3146,,
7652,4853,,
7677,12002,,
11981,10544,,
11867,11852,,
62,1344,,
7650,8984,,
11964,11952,,
12074,11884,,
10534,7509,,
12222,2708,,
3444,6183,,
5948,3162,,
5634,3170,,
2496,2169,,
7503,13524,,
11594,11583,,
11951,11965,,
5611,8996,,
11636,11648,,
8657,10610,,
7514,1864,,
6099,9255,,
12008,12025,,
5168,5253,,
10237,3086,,
7643,7507,,
11494,11480,,
2074,7680,,
7676,2629,,
3086,5634,,
2186,11121,,
5233,5191,,
31,156,,
7647,493,,
3220,10533,,
4927,5223,,
4854,5049,,
7635,2737,,
5223,4927,,
6464,269,,
12295,2155,,
127,1345,,
3478,3562,,
7647,11980,,
6370,5669,,
3317,7627,,
2169,2496,,
10899,4643,,
11540,11524,,
11700,11728,,
4587,4524,,
2072,3215,,
11490,11484,,
3476,3568,,
453,579,,
12003,11979,,
3218,3031,,
11523,11541,,
11847,11805,,
2425,12222,,
11993,11984,,
2936,7643,,
2435,1892,,
7642,2067,,
7681,809,,
11942,11974,,
11536,11528,,
7355,10320,,
519,66,,
7503,13521,,
475,551,,
10745,2339,,
2047,1287,,
11527,11537,,
11955,11961,,
7627,3317,,
12036,7642,,
579,453,,
13664,7641,,
543,2156,,
11543,11977,,
12461,11993,,
10751,168,,
12017,12016,,
13528,7503,,
11693,10921,,
11556,11566,,
11716,11713,,
5847,2488,,
5046,4857,,
11968,11948,,
7692,3304,,
7514,7506,,
3158,3096,,
11850,11869,,
6831,10876,,
7517,13521,,
7508,506,,
4368,2033,,
7503,13527,,
12021,12012,,
7470,7473,,
11786,11803,,
11863,11856,,
11735,11693,,
7507,7681,,
7516,1237,,
489,12301,,
5796,3554,,
12036,7682,,
11746,11586,,
4134,3179,,
2987,3259,,
12132,11874,,
11569,11553,,
11854,11865,,
4650,4471,,
11875,12131,,
4650,10571,,
12323,431,,
10610,8657,,
4506,4607,,
12014,12019,,
3031,3218,,
1369,32,,
11499,11475,,
4790,8659,,
11856,11863,,
11728,11700,,
3092,5948,,
7524,13664,,
11957,11787,,
7682,2067,,
138,10467,,
11869,11850,,
516,286,,
1149,7982,,
718,7886,,
11486,11488,,
12537,12538,,
7670,1506,,
11566,11556,,
5842,5874,,
11487,5003,,
11872,12134,,
3618,4332,,
11553,11569,,
12557,5005,,
516,515,,
7640,7684,,
10571,4471,,
431,12323,,
11763,11559,,
11722,11707,,
11884,12074,,
7673,4853,,
5224,4926,,
4686,4429,,
12135,11833,,
9255,6099,,
7515,1359,,
10568,7642,,
11760,11767,,
7506,7514,,
5253,6226,,
2120,1550,,
1612,3757,,
12313,6294,,
67,68,,
6484,2615,,
7916,7865,,
4828,1214,,
10542,10536,,
11693,13653,,
3929,8978,,
10533,3220,,
3493,3546,,
66,7512,,
1870,1014,,
2155,12295,,
4773,4548,,
11986,11991,,
6422,3728,,
3086,10237,,
7643,2936,,
5359,2919,,
3295,3356,,
4987,5207,,
1344,62,,
7641,1342,,
7683,13664,,
10802,3473,,
1265,7641,,
12220,1287,,
7682,504,,
1365,2506,,
11814,11841,,
528,4016,,
5232,7506,,
11759,11580,,
11980,7647,,
7517,13524,,
66,519,,
10548,4655,,
12023,12010,,
2319,2185,,
5968,453,,
11970,11946,,
11472,5855,,
3656,10744,,
1539,5982,,
7681,2936,,
7683,7524,,
11897,11712,,
11944,11972,,
8995,8997,,
10774,3482,,
7519,4819,,
7503,755,,
5059,5998,,
7462,7481,,
1651,1557,,
11974,11942,,
7517,13527,,
11961,11955,,
11821,11646,,
1398,1209,,
7643,7513,,
6759,3210,,
3218,10545,,
11948,11968,,
11592,11619,,
7512,10567,,
6058,6106,,
10474,1944,,
11818,11900,,
7641,1265,,
10420,6058,,
8444,7540,,
10876,6831,,
13525,164,,
11477,11497,,
164,13524,,
12713,12169,,
11957,11959,,
4881,5022,,
2485,3633,,
7681,7513,,
1365,7504,,
7645,4902,,
4522,4589,,
12076,11882,,
7282,6099,,
7513,8444,,
1221,10685,,
13529,13525,,
11585,11619,,
6294,12313,,
7621,7561,,
4429,4686,,
7511,10534,,
13591,13594,,
3356,3295,,
821,1607,,
3122,3130,,
1196,1412,,
7596,4617,,
7519,10309,,
3568,3476,,
11984,12461,,
122,3661,,
11840,11815,,
326,12669,,
11693,11735,,
12003,7566,,
11519,11545,,
11580,11759,,
2156,543,,
11702,11726,,
2339,10745,,
6106,6058,,
6461,11000,,
11880,12078,,
11583,11594,,
564,467,,
5585,10880,,
880,948,,
11980,531,,
5232,1864,,
4035,1277,,
5585,10668,,
7504,1237,,
4934,5209,,
3661,122,,
8946,2349,,
6206,929,,
6400,2514,,
2488,12711,,
1891,2674,,
3546,3493,,
7513,7540,,
7632,3304,,
5955,3595,,
11943,11973,,
3623,4330,,
11537,11527,,
11482,11492,,
11586,11746,,
12460,3096,,
11524,11540,,
7506,1864,,
7637,6450,,
7689,2737,,
11732,11696,,
10237,3170,,
7617,7565,,
12133,11873,,
11471,11473,,
5669,6370,,
11541,11523,,
6183,3595,,
4247,6837,,
934,10557,,
1265,13664,,
2629,2499,,
1750,7668,,
3610,3427,,
7687,6450,,
11491,11483,,
2492,2637,,
11765,11564,,
3259,7177,,
11978,12004,,
11952,11964,,
11965,11951,,
2047,1322,,
2033,4368,,
7684,7640,,
909,929,,
4819,10309,,
2488,5847,,
11713,11716,,
112,6818,,
12018,12015,,
11557,11565,,
11956,11960,,
1613,4062,,
12009,12024,,
5584,10879,,
11735,10921,,
2649,2440,,
2440,2649,,
11495,11479,,
11990,11987,,
4652,10577,,
11545,11519,,
1864,5232,,
7177,3259,,
113,81,,
11957,11910,,
5988,1545,,
7503,13522,,
7508,3661,,
11697,11731,,
7665,10640,,
10467,138,,
3431,3606,,
7565,7617,,
11855,11864,,
1237,7516,,
5933,909,,
11121,2186,,
13612,6354,,
3507,3526,,
5225,5208,,
11646,11821,,
12015,13408,,
5070,1214,,
3427,3610,,
7511,7509,,
13528,13529,,
11851,11868,,
10568,12036,,
11582,11595,,
7668,1750,,
879,976,,
3036,3213,,
1382,10685,,
7516,2623,,
2708,2039,,
10577,4470,,
7647,531,,
2740,2919,,
5209,4934,,
7504,2623,,
4065,529,,
13525,7503,,
7515,7505,,
4993,5203,,
8946,2140,,
6294,3554,,
7517,755,,
11717,11712,,
11879,12128,,
11864,11855,,
515,285,,
5485,7050,,
7509,3897,,
3554,12313,,
5034,4308,,
3757,1612,,
2050,2674,,
3086,3170,,
12557,4899,,
2670,1329,,
11805,11847,,
2919,5359,,
5005,12557,,
11910,11959,,
11643,11640,,
6849,6851,,
4062,1613,,
13526,13524,,
2174,11511,,
11528,11536,,
11487,4070,,
494,4064,,
9001,4920,,
251,5248,,
7513,7643,,
11478,11496,,
7508,286,,
12501,8624,,
12004,11978,,
10906,6965,,
11779,11844,,
7568,4549,,
6515,6646,,
5203,4993,,
7512,506,,
4148,555,,
909,5933,,
10921,11735,,
7677,11980,,
7540,809,,
1584,2639,,
4251,4967,,
3259,2987,,
12422,11149,,
7645,5003,,
7508,504,,
7643,3034,,
7503,13525,,
12711,2641,,
1550,2120,,
7511,3897,,
12220,1322,,
7198,7507,,
11575,11602,,
7865,7916,,
3109,6553,,
11520,11544,,
3215,3034,,
3595,6183,,
11962,11954,,
7192,12712,,
7683,1342,,
11971,11945,,
11945,11971,,
7517,13522,,
11694,11734,,
10419,10420,,
2615,6484,,
3158,12460,,
506,7508,,
4471,10571,,
11559,11763,,
283,3395,,
7516,7504,,
7507,2936,,
7648,2499,,
12077,11881,,
495,4017,,
2509,36,,
11719,11710,,
4251,4950,,
7699,2778,,
806,7200,,
286,516,,
7485,7455,,
13664,7683,,
11815,11840,,
13598,13603,,
6870,6894,,
11770,11754,,
551,475,,
5168,6233,,
827,4048,,
6450,9001,,
7507,809,,
531,7647,,
932,12716,,
4935,5351,,
11861,11858,,
2623,7504,,
8658,7587,,
7561,7621,,
7050,5485,,
6646,6515,,
1589,4062,,
814,1605,,
68,67,,
7677,493,,
1892,2435,,
7507,7513,,
8581,7886,,
11149,12422,,
5208,5225,,
2936,7681,,
583,8700,,
11977,11543,,
11873,12133,,
4334,4134,,
3078,4134,,
7680,2074,,
283,12712,,
32,1369,,
2639,1584,,
12409,12410,,
10579,10899,,
12538,12537,,
12015,12018,,
11729,11699,,
2919,2740,,
11500,11474,,
5248,6235,,
1267,70,,
2185,2319,,
11881,12077,,
11857,11862,,
11496,11478,,
2022,1919,,
251,7272,,
11987,11990,,
1601,1260,,
12742,12743,,
7522,10906,,
7507,7198,,
1277,4035,,
4382,7060,,
2662,12177,,
11600,11618,,
10545,3218,,
7503,13528,,
6226,5253,,
11710,11719,,
12024,12009,,
1345,127,,
12711,5847,,
13637,13636,,
4607,4506,,
7504,2506,,
13529,7503,,
11619,11592,,
13524,7517,,
7094,6978,,
10320,7355,,
7681,3034,,
10559,8565,,
11474,11500,,
5191,5233,,
7660,10640,,
7516,2506,,
5874,13854,,
10533,3029,,
11584,11593,,
7272,251,,
11703,11725,,
11841,11814,,
13592,13593,,
929,6206,,
7524,1342,,
12394,12395,,
3606,3431,,
4986,4923,,
10539,7599,,
11560,11561,,
10419,6106,,
11542,11522,,
11993,12461,,
11949,11967,,
5874,5842,,
3562,3478,,
1590,3757,,
4980,4930,,
4064,494,,
11533,11531,,
5034,4168,,
10557,934,,
7508,66,,
3366,1009,,
10420,4825,,
7655,1506,,
11975,11941,,
11579,11598,,
5847,12711,,
976,879,,
343,8972,,
2140,8946,,
470,558,,
4134,4334,,
2514,6400,,
3096,12460,,
4016,528,,
9004,3728,,
2425,2039,,
3011,3235,,
13528,13524,,
285,286,,
13664,1265,,
11592,11585,,
4589,4522,,
6818,82,,
2643,3633,,
11698,11730,,
11646,11756,,
7514,5232,,
3595,3444,,
13529,7517,,
11910,11957,,
12010,12023,,
3170,3086,,
521,3038,,
5948,3092,,
3356,7040,,
9279,739,,
7524,1265,,
3971,2961,,
11865,11854,,
1770,1793,,
8624,12501,,
1280,2671,,
506,66,,
138,3020,,
10744,3656,,
11278,1443,,
11640,11643,,
10539,4591,,
12571,514,,
7697,3317,,
12716,932,,
11718,11711,,
13636,13637,,
7529,7683,,
13526,755,,
4857,5990,,
7517,13525,,
7520,11422,,
7512,286,,
7682,2323,,
3544,3497,,
12134,11872,,
11966,11950,,
3633,2485,,
5875,13841,,
7503,7517,,
5990,6151,,
7508,516,,
7625,2778,,
11501,11493,,
6183,3444,,
6169,579,,
12669,326,,
4492,6320,,
4029,827,,
8972,343,,
1214,5070,,
13529,13528,,
5990,4857,,
11733,11695,,
64,10568,,
6151,5990,,
5253,5168,,
4917,4992,,
11852,11867,,
11724,11704,,
11845,11807,,
4643,10899,,
11762,11564,,
2323,1876,,
11621,11600,,
8997,8995,,
13524,13525,,
12169,12713,,
11959,11787,,
3554,6294,,
7512,7508,,
7694,7630,,
1074,9281,,
11538,11526,,
11991,11986,,
2494,12301,,
11483,11491,,
4936,5364,,
11567,11555,,
1557,1651,,
1766,10622,,
7652,5049,,
4548,4773,,
1013,809,,
3220,3029,,
164,13525,,
5022,4881,,
13525,13529,,
11959,11910,,
7481,7462,,
13602,13596,,
7675,8984,,
2674,2050,,
5584,10668,,
11479,11495,,
7455,7485,,
12002,7677,,
11765,11762,,
11529,11535,,
12019,12014,,
66,506,,
1607,821,,
12128,11879,,
12005,11977,,
7642,125,,
11781,11870,,
7676,2499,,
269,6464,,
11979,12003,,
11634,11796,,
5163,5260,,
11492,11482,,
4330,3623,,
7198,7513,,
13653,10921,,
13524,13528,,
11953,11963,,
11979,7566,,
4549,7568,,
3717,8978,,
4979,4932,,
3473,10802,,
285,515,,
1009,3366,,
2623,7516,,
5605,1645,,
7513,7681,,
164,7517,,
10921,13653,,
2499,2629,,
3029,10533,,
519,10567,,
1287,12220,,
7517,13528,,
1393,4828,,
4048,827,,
2637,2492,,
2349,8946,,
12301,489,,
3704,4411,,
6425,298,,
7683,1265,,
520,521,,
7644,2074,,
3554,5796,,
